[win]
x=48
y=-12
ex=48
ey=0
[xwin]
fx=12
fex=-24
fy=0
fey=-18